---
password: 5734bb213b87a1c3e6df66fdad758bf543d378d79f65d89e0865711b6b0511a3
ip: 115.78.104.190
firstlogin: 1560858597716.000000
lastlogin: 1560858597717.000000
...
