---
password: 929315cbb184415e2d1aabb2a47ca82b7db6306657a54be923bb6817173eb523
ip: 10.8.0.1
firstlogin: 1561531513825.000000
lastlogin: 1561860515035.000000
...
