---
password: 75f37a4d1b1f26fa03cc82c7585a4d9c1542e7a9cb3891cb153e980f386ff45e
ip: 10.8.0.1
firstlogin: 1562026586167.000000
lastlogin: 1562130714677.000000
...
