---
password: 2a8680f7231de19645dc9be1c0de9467bf33d4fdb22aba847ed7b0230bd3ee14
ip: 10.8.0.1
firstlogin: 1559611192934.000000
lastlogin: 1561775614028.000000
...
