---
password: 87a4bb80d396f012be8f0f9c89f576c099fe61618f778d5d17f79a71c328f464
ip: 10.8.0.1
firstlogin: 1561862368725.000000
lastlogin: 1561862368740.000000
...
