---
password: 0744f8e171cb886255ebf3ae479e31a6340433abf804b7ebe642d1e3e58744ae
ip: 10.8.0.1
firstlogin: 1562677064732.000000
lastlogin: 1562677064735.000000
...
