---
password: 3830d232e10abbccb94329cc61e2023145566c56a2e3ee10c4f775e686f94c81
ip: 116.105.177.138
firstlogin: 1559441929270.000000
lastlogin: 1559446281492.000000
...
