---
password: 0bababb8d3db68a28ffdc4bbe762bf1a149be9e72a0ce148303e24e8132b8d05
ip: 10.8.0.1
firstlogin: 1561778191332.000000
lastlogin: 1561778204367.000000
...
