---
password: 824b2d938c8de70d39ece93e9d4b85f9bba7eb423cb06fa3a6a4ad53c57c211d
ip: 10.8.0.1
firstlogin: 1561697128063.000000
lastlogin: 1561697128074.000000
...
