---
password: 0bababb8d3db68a28ffdc4bbe762bf1a149be9e72a0ce148303e24e8132b8d05
ip: 14.237.146.234
firstlogin: 1559305804228.000000
lastlogin: 1564815704232.000000
...
