---
password: 0af1683be18d80d954b54f85527f32a88044696a0170739afbbc24173b78cd88
ip: 27.73.53.168
firstlogin: 1559349807785.000000
lastlogin: 1559356108912.000000
...
