---
password: 4c006c647316bd2eff7a6cb09757f0c2ca2bba09de4d562a773ef0c3f3693039
ip: 10.8.0.1
firstlogin: 1561659565563.000000
lastlogin: 1561659565570.000000
...
